20.5
21.5
20.4
19.8
19.6
19.4
20.5
21.7
23.1
23.8
24.7
26.7
27.7
28.4
26.8
27.7
28.5
27.7
24.8
24.3
23.6
23.8
23
23.5
23.2
22.6
22.8
22.2
22
22
22.2
22.7
22.9
23.2
23.2
23.8
22.9
22.3
22.3
22.2
22.5
22.6
22.2
22
21.3
20.9
20.8
21
20.7
21.3
21.1
20.9
20.7
20.7
19.9
20.2
20.8
21.4
21.2
21.9
23.5
24.1
24.5
24.2
24.8
24.7
24.4
24
23.1
22.4
21.3
20.9
20.3
19.6
19.8
19.4
19.2
19.2
19.9
22.5
25.2
27.2
27.3
27.7
28.4
29.1
29.3
31
31
30.9
29.3
27.2
25.4
24.7
25
24.5
24.2
25.2
24
23.6
23.3
23.2
22.5
24.2
27.5
27.7
29
28.8
29.8
30.2
30.6
30.6
30.2
30
29.3
29.1
27.4
25.7
25.1
25.3
24.1
23.6
23
22.5
22.7
22.4
23.1
25.1
26.2
26.1
26.7
27.4
28.9
29.5
25.1
24.3
24
22.7
25.1
24.6
23.6
23.3
23.7
23.9
23.5
23.2
22.7
22.3
21.8
21
20.9
21.4
21.8
22.7
24.1
25.8
26.4
27.2
27.6
27.1
27.2
26.8
25.7
24.7
22.9
22
20.7
20.1
18.8
18.2
17.7
16.4
16
15.8
17.2
18.1
19.6
21
23.6
23.5
24.1
23.3
25
23.8
22.9
21.7
21.3
21.3
19.8
19.4
19.4
18.7
19.1
18.2
17.7
17.9
17.5
17.1
17.4
19
21.2
22.5
23
24.2
24.5
23.8
24.1
24.1
25.9
24.2
23.8
23.2
22.6
22.9
22.1
21.7
21.2
20.4
19.7
18.6
18.4
17
16.6
18.8
22
24.2
24.1
24.5
25.3
26.3
27.2
27.5
26.6
27.9
28.3
27.6
25.8
24
24.7
23.6
23.5
22
21.7
20.8
21.2
20.8
20.7
21.5
22.8
23.8
25.6
26.4
28.5
28.9
30
28.1
26.2
24.7
22.6
21.5
22.5
22
22.3
21.3
19.9
18.7
17.7
17.1
15.7
15.6
16.1
17.4
17.8
18.8
20.3
21.1
22.4
23.9
24.1
24.9
23.4
22.3
22.7
22.1
21.9
22
21.6
20.7
20.8
20.5
19.2
18.4
18.7
18.1
19.5
21
22
20.1
20.3
21.8
23.1
23.5
23.4
22.9
22.4
22.8
22.7
22.2
20.4
20.5
19.1
18.1
17.4
16.9
16.4
15.8
15.7
15.5
16.7
18.3
20.8
21.5
22.5
22.9
24
24.1
24.7
25.7
24.8
24.2
23.4
22.4
22.2
21.8
21.1
20.6
20.2
20.3
20
19.8
20.6
20.6
21
21.5
22.3
22.7
23
24
22.9
23.7
23.8
23.2
23.5
23.9
22.5
22.8
21.7
20.8
20.4
20.2
20.2
20
20.1
20.2
20.1
20.1
20.1
20.4
21
21.8
22.3
22.7
23.8
24.8
26.2
26.7
25.5
25.3
24.9
24.8
24.3
23.5
22.8
23
22.3
21.7
21.1
20.2
20.2
19.6
19.5
20.1
21.4
23.2
23.2
24.6
26.1
26.8
26.8
26.3
25.7
25.6
24
24.2
22.6
22
20.7
20.5
19.9
19.6
19.1
18.7
19.1
18.1
19.1
20.1
22.1
22.8
24.1
24.5
23.7
25.1
22.3
23
24.7
25.2
25
24.7
23.2
21.3
21.4
20.2
19.5
18.7
17.5
17.3
16.8
16.9
17.8
19.2
20.6
22
22.8
23
23.5
23
23.7
23.6
24.6
23.9
24.2
23.7
22.7
21.6
20.8
20.1
20.5
20.7
21.1
20.2
19.6
19.7
20
21.3
22.3
22.8
24
24.8
25.9
25.9
25.6
26
25.5
25.1
24.1
22.5
19.5
19.9
19.4
19.4
19.1
19
19.2
19.2
19.2
19.2
19.7
20.2
21.1
21.7
22.3
23.2
23.7
24.7
25.3
25.1
25.8
25.5
24.9
24.1
23.3
21.9
21.2
20
19.4
18.9
18.2
17.9
17.4
18.7
18.8
19.3
21.8
24
25.8
26.9
26.2
27
26.9
27.9
28.4
27.1
27.4
26.1
24.7
22.6
21.5
20.4
19.7
19
18.5
17.8
18
17.6
18.8
19.7
22.1
22.9
24.1
24.3
26
26.5
21.3
23.2
22.8
21.3
22.1
21.9
20.7
20
19.2
19
19
18.6
19.9
19.9
18.9
18.7
19.1
19.9
21.8
23
23.5
23.5
25
26.2
25.7
24.6
22.9
21.9
22.5
22.1
21.1
20.2
19.8
19.7
19.6
19.4
19.4
19.1
18.9
18.9
19.5
20.8
21.4
20.1

22.9
25.1
25
25.8
25.9
25.6
25.6
26
25.2
24.2
23.7
23.1
22.4
22.3
21.3
20.9
21
21.6
21.7
21.8
21.8
22.2
22.9
24.6
25.7
27.4
28.1
28.2
27.9
28.3
28.7
28.3
27.3
25.6
22.3
21.2
21.4
21.6
21.7
21.5
21
20.9
21.1
21.2
21.5
21.9
22.2
23.7
25.7
27.3
25.4
27.9
28.6
29.4
29.4
29
29.2
27.9
25.6
24.2
23.8
23.3
22.9
22.4
21.5
20.8
20.6
21.4
21.7
22.5
23.6
24.3
23.6
25.2
27.4
28.1
28.7
28.9
29
28.1
28.1
27.2
26.3
26
26.4
26.5
25.6
25
24.7
24.2
24.1
23.3
23.3
23
21.8
21
20.2
19.6
18.4
19.6
19.5
20.2
21.5
22.3
21.5
21.3
20.5
19.1
18.3
17.7
16.9
17
16
15.4
15.3
14.8
15.3
17.3
19.8
21.1
22
22.3
21.2
23.3
24
22.4
23.2
21.7
22.3
21.7
20.6
21.2
19.3
18.3
18
17.3
17
16.6
16
16.1
16.7
17.9
19.7
21.2
21.8
22
22.1
24
23.9
24.3
24.1
23.6
23
22
20.4
19.7
18.6
17.5
